00000000
00000000
00000000
00000000
00000000
00000000
00000000
00000000
00000000
00000000
00000000
00000000

00000000
00011000
00111100
00111100
00111100
00011000
00011000
00000000
00011000
00011000
00000000
00000000

00000000
00110110
00110110
00010100
00000000
00000000
00000000
00000000
00000000
00000000
00000000
00000000

00000000
00000000
00000000
01101100
11111110
01101100
01101100
01101100
11111110
01101100
00000000
00000000

00000000
00010000
01111100
11010110
01110000
00111000
00011100
11010110
01111100
00010000
00000000
00000000

00000000
00000000
00000000
01100010
01100110
00001100
00011000
00110000
01100110
11000110
00000000
00000000

00000000
00111000
01101100
00111000
00111000
01110010
11111110
11001100
11001100
01110110
00000000
00000000

00011100
00011100
00001100
00011000
00000000
00000000
00000000
00000000
00000000
00000000
00000000
00000000

00000000
00001100
00011000
00110000
00110000
00110000
00110000
00110000
00011000
00001100
00000000
00000000

00000000
00110000
00011000
00001100
00001100
00001100
00001100
00001100
00011000
00110000
00000000
00000000

00000000
00000000
00000000
01101100
00111000
11111110
00111000
01101100
00000000
00000000
00000000
00000000

00000000
00000000
00000000
00011000
00011000
01111110
00011000
00011000
00000000
00000000
00000000
00000000

00000000
00000000
00000000
00000000
00000000
00000000
00000000
00001100
00001100
00001100
00011000
00000000

00000000
00000000
00000000
00000000
00000000
11111110
00000000
00000000
00000000
00000000
00000000
00000000

00000000
00000000
00000000
00000000
00000000
00000000
00000000
00000000
00011000
00011000
00000000
00000000

00000000
00000000
00000000
00000110
00001100
00011000
00110000
01100000
11000000
00000000
00000000
00000000

00000000
01111100
11000110
11000110
11000110
11010110
11000110
11000110
11000110
01111100
00000000
00000000

00000000
00011000
01111000
00011000
00011000
00011000
00011000
00011000
00011000
01111110
00000000
00000000

00000000
01111100
11000110
11000110
00001100
00011000
00110000
01100000
11000110
11111110
00000000
00000000

00000000
01111100
11000110
00000110
00000110
00111100
00000110
00000110
11000110
01111100
00000000
00000000

00000000
00001100
00011100
00111100
01101100
11001100
11111110
00001100
00001100
00001100
00000000
00000000

00000000
11111110
11000000
11000000
11000000
11111100
00000110
00000110
11000110
01111100
00000000
00000000

00000000
01111100
11000110
11000000
11000000
11111100
11000110
11000110
11000110
01111100
00000000
00000000

00000000
11111110
11000110
00001100
00011000
00110000
00110000
00110000
00110000
00110000
00000000
00000000

00000000
01111100
11000110
11000110
11000110
01111100
11000110
11000110
11000110
01111100
00000000
00000000

00000000
01111100
11000110
11000110
11000110
01111110
00000110
00000110
11000110
01111100
00000000
00000000

00000000
00000000
00000000
00001100
00001100
00000000
00000000
00001100
00001100
00000000
00000000
00000000

00000000
00000000
00000000
00001100
00001100
00000000
00000000
00001100
00001100
00001100
00011000
00000000

00000000
00001100
00011000
00110000
01100000
11000000
01100000
00110000
00011000
00001100
00000000
00000000

00000000
00000000
00000000
00000000
11111110
00000000
11111110
00000000
00000000
00000000
00000000
00000000

00000000
01100000
00110000
00011000
00001100
00000110
00001100
00011000
00110000
01100000
00000000
00000000

00000000
01111100
11000110
11000110
00001100
00011000
00011000
00000000
00011000
00011000
00000000
00000000

00000000
01111100
11000110
11000110
11011110
11011110
11011110
11011100
11000000
01111110
00000000
00000000

00000000
00111000
01101100
11000110
11000110
11000110
11111110
11000110
11000110
11000110
00000000
00000000

00000000
11111100
01100110
01100110
01100110
01111100
01100110
01100110
01100110
11111100
00000000
00000000

00000000
00111100
01100110
11000000
11000000
11000000
11000000
11000000
01100110
00111100
00000000
00000000

00000000
11111000
01101100
01100110
01100110
01100110
01100110
01100110
01101100
11111000
00000000
00000000

00000000
11111110
01100110
01100000
01100000
01111100
01100000
01100000
01100110
11111110
00000000
00000000

00000000
11111110
01100110
01100000
01100000
01111100
01100000
01100000
01100000
11110000
00000000
00000000

00000000
01111100
11000110
11000110
11000000
11000000
11001110
11000110
11000110
01111100
00000000
00000000

00000000
11000110
11000110
11000110
11000110
11111110
11000110
11000110
11000110
11000110
00000000
00000000

00000000
00111100
00011000
00011000
00011000
00011000
00011000
00011000
00011000
00111100
00000000
00000000

00000000
00111100
00011000
00011000
00011000
00011000
00011000
11011000
11011000
01110000
00000000
00000000

00000000
11000110
11001100
11011000
11110000
11110000
11011000
11001100
11000110
11000110
00000000
00000000

00000000
11110000
01100000
01100000
01100000
01100000
01100000
01100010
01100110
11111110
00000000
00000000

00000000
11000110
11000110
11101110
11111110
11010110
11010110
11010110
11000110
11000110
00000000
00000000

00000000
11000110
11000110
11100110
11100110
11110110
11011110
11001110
11001110
11000110
00000000
00000000

00000000
01111100
11000110
11000110
11000110
11000110
11000110
11000110
11000110
01111100
00000000
00000000

00000000
11111100
01100110
01100110
01100110
01111100
01100000
01100000
01100000
11110000
00000000
00000000

00000000
01111100
11000110
11000110
11000110
11000110
11000110
11000110
11010110
01111100
00000110
00000000

00000000
11111100
01100110
01100110
01100110
01111100
01111000
01101100
01100110
11100110
00000000
00000000

00000000
01111100
11000110
11000000
01100000
00111000
00001100
00000110
11000110
01111100
00000000
00000000

00000000
01111110
01011010
00011000
00011000
00011000
00011000
00011000
00011000
00111100
00000000
00000000

00000000
11000110
11000110
11000110
11000110
11000110
11000110
11000110
11000110
01111100
00000000
00000000

00000000
11000110
11000110
11000110
11000110
11000110
11000110
01101100
00111000
00010000
00000000
00000000

00000000
11000110
11000110
11010110
11010110
11010110
11111110
11101110
11000110
11000110
00000000
00000000

00000000
11000110
11000110
01101100
00111000
00111000
00111000
01101100
11000110
11000110
00000000
00000000

00000000
01100110
01100110
01100110
01100110
00111100
00011000
00011000
00011000
00111100
00000000
00000000

00000000
11111110
11000110
10001100
00011000
00110000
01100000
11000010
11000110
11111110
00000000
00000000

00000000
01111100
01100000
01100000
01100000
01100000
01100000
01100000
01100000
01111100
00000000
00000000

00000000
00000000
00000000
11000000
01100000
00110000
00011000
00001100
00000110
00000000
00000000
00000000

00000000
01111100
00001100
00001100
00001100
00001100
00001100
00001100
00001100
01111100
00000000
00000000

00000000
00011000
00111100
01100110
00000000
00000000
00000000
00000000
00000000
00000000
00000000
00000000

00000000
00000000
00000000
00000000
00000000
00000000
00000000
00000000
00000000
00000000
00000000
11111111

00000000
00011100
00011000
00001100
00000000
00000000
00000000
00000000
00000000
00000000
00000000
00000000

00000000
00000000
00000000
00000000
01111000
00001100
01111100
11001100
11011100
01110110
00000000
00000000

00000000
11100000
01100000
01100000
01111100
01100110
01100110
01100110
01100110
11111100
00000000
00000000

00000000
00000000
00000000
00000000
01111100
11000110
11000000
11000000
11000110
01111100
00000000
00000000

00000000
00011100
00001100
00001100
01111100
11001100
11001100
11001100
11001100
01111110
00000000
00000000

00000000
00000000
00000000
00000000
01111100
11000110
11111110
11000000
11000110
01111100
00000000
00000000

00000000
00011100
00110110
00110000
00110000
11111100
00110000
00110000
00110000
01111000
00000000
00000000

00000000
00000000
00000000
00000000
01110110
11001110
11000110
11000110
01111110
00000110
11000110
01111100

00000000
11100000
01100000
01100000
01101100
01110110
01100110
01100110
01100110
11100110
00000000
00000000

00000000
00011000
00011000
00000000
00111000
00011000
00011000
00011000
00011000
00111100
00000000
00000000

00000000
00000000
00001100
00001100
00000000
00011100
00001100
00001100
00001100
11001100
11001100
01111000

00000000
11100000
01100000
01100000
01100110
01101100
01111000
01101100
01100110
11100110
00000000
00000000

00000000
01110000
00110000
00110000
00110000
00110000
00110000
00110000
00110100
00011000
00000000
00000000

00000000
00000000
00000000
00000000
01101100
11111110
11010110
11010110
11000110
11000110
00000000
00000000

00000000
00000000
00000000
00000000
11011100
01100110
01100110
01100110
01100110
01100110
00000000
00000000

00000000
00000000
00000000
00000000
01111100
11000110
11000110
11000110
11000110
01111100
00000000
00000000

00000000
00000000
00000000
00000000
11011100
01100110
01100110
01100110
01111100
01100000
01100000
11110000

00000000
00000000
00000000
00000000
01110110
11001100
11001100
11001100
01111100
00001100
00001100
00011110

00000000
00000000
00000000
00000000
11011100
01100110
01100000
01100000
01100000
11110000
00000000
00000000

00000000
00000000
00000000
00000000
01111100
11000110
01110000
00011100
11000110
01111100
00000000
00000000

00000000
00110000
00110000
00110000
11111100
00110000
00110000
00110000
00110110
00011100
00000000
00000000

00000000
00000000
00000000
00000000
11001100
11001100
11001100
11001100
11001100
01110110
00000000
00000000

00000000
00000000
00000000
00000000
11000110
11000110
11000110
01101100
00111000
00010000
00000000
00000000

00000000
00000000
00000000
00000000
11000110
11000110
11010110
11010110
11111110
01101100
00000000
00000000

00000000
00000000
00000000
00000000
11000110
01101100
00111000
00111000
01101100
11000110
00000000
00000000

00000000
00000000
00000000
00000000
11000110
11000110
11000110
11001110
01110110
00000110
11000110
01111100

00000000
00000000
00000000
00000000
11111110
10001100
00011000
00110000
01100010
11111110
00000000
00000000

00000000
00001110
00011000
00011000
00011000
01110000
00011000
00011000
00011000
00001110
00000000
00000000

00000000
00011000
00011000
00011000
00011000
00011000
00011000
00011000
00011000
00011000
00000000
00000000

00000000
01110000
00011000
00011000
00011000
00001110
00011000
00011000
00011000
01110000
00000000
00000000

00000000
01110110
11011100
00000000
00000000
00000000
00000000
00000000
00000000
00000000
00000000
00000000
